0.00744075 -0.00910601 -1.01383e-18 0 0 0 0 0 0 0 0 0 0 0 0 0 0 0 0 0 0 0 0 0 0 0 0 0.00543461 -0.00904663 7.42587e-19 0.00543461 -0.00744125 2.08727e-18 0.00402736 -0.00688279 3.00056e-18 -0.00359628 0.00468152 -0.000406254 -0.000882323 -0.00175944 -0.00550799 0.000925177 0.00199081 -0.00344487 0 0 0 0 0 0 0 0 0 0 0 0 0 0 0 0 0 0 0 0 0
1.14197e-05 0.0100602 -0.00745108 0 0 0 0 0 0 0 0 0 0 0 0 0 0 0 0 0 0 0 0 0 0 0 0 0.00241742 0.00976539 -0.00744924 0.00241742 0.00976539 -0.00706348 0.00449378 0.00900071 -0.00667771 -0.00358098 -0.0034955 0.00764924 -0.000965364 0.00754862 5.46435e-15 -0.00258049 0.00217832 -0.000329577 0 0 0 0 0 0 0 0 0 0 0 0 0 0 0 0 0 0 0 0 0
-0.0100602 1.14197e-05 0.00909756 0 0 0 0 0 0 0 0 0 0 0 0 0 0 0 0 0 0 0 0 0 0 0 0 -0.00976539 0.00241742 0.00747564 -0.00976539 0.00241742 0.00591731 -0.00900071 0.00449378 0.00435897 0.00490195 -0.00507167 -0.000739189 0.00123836 -0.0014268 0.00525211 0.000837497 -0.00279422 0.00279003 0 0 0 0 0 0 0 0 0 0 0 0 0 0 0 0 0 0 0 0 0
0.00643707 -0.0094654 -9.74403e-19 0 0 0 0 0 0 0 0 0 0 0 0 0 0 0 0 0 0 0 0 0 0 0 0 0.0043741 -0.00915551 7.10483e-19 0.0043741 -0.00755013 1.98363e-18 0.0029687 -0.0067572 2.8254e-18 0 0 0 0 0 0 0 0 0 0 0 0 -0.00302645 -0.0036864 -0.00153475 -0.00134155 -0.00226288 0.00500652 0.00114905 0.00163596 0.0037603 0 0 0 0 0 0 0 0 0
-1.08561e-05 -0.00956362 -0.00644781 0 0 0 0 0 0 0 0 0 0 0 0 0 0 0 0 0 0 0 0 0 0 0 0 -0.0022981 -0.00928341 -0.00644597 -0.0022981 -0.00928341 -0.0060602 -0.00427198 -0.00855646 -0.00567444 0 0 0 0 0 0 0 0 0 0 0 0 0.00418815 -0.0031351 -0.00639146 0.0014121 -0.00695804 4.5704e-14 0.00297908 -0.00172203 3.51684e-05 0 0 0 0 0 0 0 0 0
0.00956362 -1.08561e-05 0.00945808 0 0 0 0 0 0 0 0 0 0 0 0 0 0 0 0 0 0 0 0 0 0 0 0 0.00928341 -0.0022981 0.00783617 0.00928341 -0.0022981 0.00627783 0.00855646 -0.00427198 0.0047195 0 0 0 0 0 0 0 0 0 0 0 0 -0.00530981 -0.00425763 -0.000407814 -0.0021132 0.00149007 0.00503436 -0.00174922 0.00257699 0.00253001 0 0 0 0 0 0 0 0 0
0.00140004 0.0116515 6.28533e-19 0.000765425 -0.0117123 -5.09314e-19 0.001575 -0.00388745 -0.00447333 -3.53021e-10 -0.00220885 -0.000655988 0 0 0 0 0 0 0 0 0 0 0 0 0 0 0 0 0 0 0 0 0 0 0 0 0 0 0 0 0 0 0 0 0 0 0 0 0 0 0 0 0 0 0 0 0 0 0 0 0 0 0 0 0 0
8.42026e-06 0.00741779 -0.00138681 4.24415e-05 -0.00487642 -0.00140363 0.000273068 -0.000627141 -0.00136344 -5.35997e-11 -0.000374903 -0.00255469 0 0 0 0 0 0 0 0 0 0 0 0 0 0 0 0 0 0 0 0 0 0 0 0 0 0 0 0 0 0 0 0 0 0 0 0 0 0 0 0 0 0 0 0 0 0 0 0 0 0 0 0 0 0
-0.00741779 8.42026e-06 -0.0116531 -0.00235947 0.000977966 -0.011664 -0.00173088 0.00506021 -0.00497225 3.07415e-10 0.00189383 -0.00127083 0 0 0 0 0 0 0 0 0 0 0 0 0 0 0 0 0 0 0 0 0 0 0 0 0 0 0 0 0 0 0 0 0 0 0 0 0 0 0 0 0 0 0 0 0 0 0 0 0 0 0 0 0 0
0.00102526 0.0115763 6.46869e-19 0 0 0 0 0 0 0 0 0 0 0 0 0.000658069 -0.0116127 -6.22631e-11 0.00122421 -0.00477963 0.00317559 8.66711e-13 -0.00255969 0.000368093 0 0 0 0 0 0 0 0 0 0 0 0 0 0 0 0 0 0 0 0 0 0 0 0 0 0 0 0 0 0 0 0 0 0 0 0 0 0 0 0 0 0
-5.63697e-06 -0.00496586 -0.00101212 0 0 0 0 0 0 0 0 0 0 0 0 1.07282e-05 0.00249365 -0.00102894 -6.28178e-05 0.000254762 -0.000478909 -3.49444e-11 0.000157248 -0.00253375 0 0 0 0 0 0 0 0 0 0 0 0 0 0 0 0 0 0 0 0 0 0 0 0 0 0 0 0 0 0 0 0 0 0 0 0 0 0 0 0 0 0
0.00496586 -5.63697e-06 -0.0115774 0 0 0 0 0 0 0 0 0 0 0 0 0.00173354 -0.000374342 -0.0115883 0.00106145 -0.00389572 -0.00550477 -1.78101e-11 -0.00117441 -0.00114154 0 0 0 0 0 0 0 0 0 0 0 0 0 0 0 0 0 0 0 0 0 0 0 0 0 0 0 0 0 0 0 0 0 0 0 0 0 0 0 0 0 0