-0.001755 0.00775166 6.81384e-19 0 0 0 0 0 0 0 0 0 0 0 0 0 0 0 0 0 0 0 0 0 0 0 0 -0.000303278 0.00895843 0.00205538 -0.000303278 0.0099975 -0.00131711 0.00311023 0.010413 -0.00147192 0.00127433 -0.00224978 0.0100064 2.80709e-19 0.00760447 -0.00217935 -2.20294e-19 0.00420957 -0.00142621 0 0 0 0 0 0 0 0 0 0 0 0 0 0 0 0 0 0 0 0 0
0.00382466 0.00822879 0.00389923 0 0 0 0 0 0 0 0 0 0 0 0 0 0 0 0 0 0 0 0 0 0 0 0 0.00490664 0.00645306 0.00178308 0.00490664 0.00532407 -0.000391918 0.0059787 0.00246784 0.000437301 -3.88768e-05 0.00424704 0.000787076 -7.34057e-19 -0.00138169 -0.00259384 -8.80454e-19 -0.000702054 -0.00186625 0 0 0 0 0 0 0 0 0 0 0 0 0 0 0 0 0 0 0 0 0
-0.0108373 0.00132336 -0.00722418 0 0 0 0 0 0 0 0 0 0 0 0 0 0 0 0 0 0 0 0 0 0 0 0 -0.0105011 0.00252955 -3.44214e-05 -0.0105011 0.00209909 -0.000913917 -0.00955886 0.00454554 -0.00227981 3.02404e-05 -0.00914568 -0.00213951 1.45321e-18 0.00247283 0.00525267 1.7637e-18 0.00124365 0.003774 0 0 0 0 0 0 0 0 0 0 0 0 0 0 0 0 0 0 0 0 0
0.00359389 -0.00712041 -7.80943e-19 0 0 0 0 0 0 0 0 0 0 0 0 0 0 0 0 0 0 0 0 0 0 0 0 0.00216442 -0.00648366 -0.00420903 0.00216442 -0.00680322 -0.00214074 0.00019845 -0.00631647 -0.00229555 0 0 0 0 0 0 0 0 0 0 0 0 -0.00163403 -0.00269859 -0.00133577 6.01706e-18 -0.00187598 0.00275208 -5.04235e-11 -0.00155986 0.0010355 0 0 0 0 0 0 0 0 0
-0.00541782 -0.0038532 -0.00659499 0 0 0 0 0 0 0 0 0 0 0 0 0 0 0 0 0 0 0 0 0 0 0 0 -0.00646558 -0.00432209 -0.00355366 -0.00646558 -0.00609963 -0.000167967 -0.00839636 -0.00482505 0.000661252 0 0 0 0 0 0 0 0 0 0 0 0 0.00223397 0.00272757 -0.00873695 -1.7862e-17 -0.00758285 -0.00255949 1.43124e-10 -0.00340599 -0.00293921 0 0 0 0 0 0 0 0 0
0.00718007 -0.000619676 0.00615129 0 0 0 0 0 0 0 0 0 0 0 0 0 0 0 0 0 0 0 0 0 0 0 0 0.00687103 -0.00174384 -0.00053734 0.00687103 -0.00293196 -0.00215979 0.00536754 -0.00566738 -0.00352568 0 0 0 0 0 0 0 0 0 0 0 0 -0.0044547 -0.00738413 -0.00394056 1.93638e-17 -0.00199706 0.00713318 -1.60255e-10 -0.0025511 0.00329101 0 0 0 0 0 0 0 0 0
-0.00397628 0.00979619 9.9867e-19 -0.0018579 -0.0086825 0.00464407 -0.0018579 -0.00468758 0.00093601 -3.35644e-10 -0.00210674 -0.0010368 0 0 0 0 0 0 0 0 0 0 0 0 0 0 0 0 0 0 0 0 0 0 0 0 0 0 0 0 0 0 0 0 0 0 0 0 0 0 0 0 0 0 0 0 0 0 0 0 0 0 0 0 0 0
0.005053 -0.00696838 0.00760127 0.00169495 0.00957932 0.00577906 0.00169495 0.00495998 0.00333064 3.09046e-10 0.00192196 -0.000155107 0 0 0 0 0 0 0 0 0 0 0 0 0 0 0 0 0 0 0 0 0 0 0 0 0 0 0 0 0 0 0 0 0 0 0 0 0 0 0 0 0 0 0 0 0 0 0 0 0 0 0 0 0 0
-0.00209109 -0.00112066 -0.00869962 0.000607087 0.00127349 -0.0109609 0.000607087 0.000530604 -0.00643442 1.1762e-10 0.000688397 -0.00273992 0 0 0 0 0 0 0 0 0 0 0 0 0 0 0 0 0 0 0 0 0 0 0 0 0 0 0 0 0 0 0 0 0 0 0 0 0 0 0 0 0 0 0 0 0 0 0 0 0 0 0 0 0 0
-0.00542341 0.0041441 7.1517e-19 0 0 0 0 0 0 0 0 0 0 0 0 -0.00256435 -0.00767067 0.00633889 -0.00256439 -0.00399961 -0.000405188 -1.94382e-11 -0.00259179 -0.00109617 0 0 0 0 0 0 0 0 0 0 0 0 0 0 0 0 0 0 0 0 0 0 0 0 0 0 0 0 0 0 0 0 0 0 0 0 0 0 0 0 0 0
0.00615502 -0.0059035 0.00890413 0 0 0 0 0 0 0 0 0 0 0 0 0.000564313 0.00782333 0.00649483 0.000564348 0.00357849 0.0044848 -1.13414e-11 0.000570415 -0.000889844 0 0 0 0 0 0 0 0 0 0 0 0 0 0 0 0 0 0 0 0 0 0 0 0 0 0 0 0 0 0 0 0 0 0 0 0 0 0 0 0 0 0
0.00173038 -0.000949408 -0.00276538 0 0 0 0 0 0 0 0 0 0 0 0 0.000945431 -0.000251904 -0.00629771 0.000945421 -0.000934571 -0.00377517 -3.21339e-11 0.000955616 -0.00244183 0 0 0 0 0 0 0 0 0 0 0 0 0 0 0 0 0 0 0 0 0 0 0 0 0 0 0 0 0 0 0 0 0 0 0 0 0 0 0 0 0 0